1.377122243866324425e-03
8.807845413684844971e-03
1.453770138323307037e-02
2.058440633118152618e-02
2.655878663063049316e-02
3.307578340172767639e-02
3.920197859406471252e-02
4.484222084283828735e-02
5.047406628727912903e-02
5.640593916177749634e-02
6.146098673343658447e-02
6.597715616226196289e-02
7.059209793806076050e-02
7.564662396907806396e-02
8.005525916814804077e-02
8.503609895706176758e-02
9.032852202653884888e-02
9.543008357286453247e-02
1.007911860942840576e-01
1.061197817325592041e-01
1.111766323447227478e-01
1.165948286652565002e-01
1.215487122535705566e-01
1.269084811210632324e-01
1.318996250629425049e-01
1.371360570192337036e-01
1.427429467439651489e-01
1.481151729822158813e-01
1.537954658269882202e-01
1.588727682828903198e-01
1.644765883684158325e-01
1.704972386360168457e-01
1.758645623922348022e-01
1.816819459199905396e-01
1.868571490049362183e-01
1.927380710840225220e-01
1.980543732643127441e-01
2.034716159105300903e-01
2.091953158378601074e-01
2.144868373870849609e-01
2.205814719200134277e-01
2.261991649866104126e-01
2.320162057876586914e-01
2.385220825672149658e-01
2.445933669805526733e-01
2.499447613954544067e-01
2.554713189601898193e-01
2.608708739280700684e-01
2.668794989585876465e-01
2.742211222648620605e-01
2.815374135971069336e-01
2.877202033996582031e-01
2.933652400970458984e-01
2.998566925525665283e-01
3.051118850708007812e-01
3.113982677459716797e-01
3.178372979164123535e-01
3.243247270584106445e-01
3.307755887508392334e-01
3.361834883689880371e-01
3.445097506046295166e-01
3.514702320098876953e-01
3.603040277957916260e-01
3.685706853866577148e-01
3.762157261371612549e-01
3.829923272132873535e-01
3.912645578384399414e-01
3.992618024349212646e-01
4.061957895755767822e-01
4.157579243183135986e-01
4.218942224979400635e-01
4.302678704261779785e-01
4.367926120758056641e-01
4.469481110572814941e-01
4.536805450916290283e-01
4.599900245666503906e-01
4.687972664833068848e-01
4.759557247161865234e-01
4.835011363029479980e-01
4.913825392723083496e-01
5.000756978988647461e-01
5.097549557685852051e-01
5.182191133499145508e-01
5.257335901260375977e-01
5.349798798561096191e-01
5.401612520217895508e-01
5.515784621238708496e-01
5.567659735679626465e-01
5.663546919822692871e-01
5.777194499969482422e-01
5.863820314407348633e-01
5.913503170013427734e-01
6.053301095962524414e-01
6.106858253479003906e-01
6.218028664588928223e-01
6.297755241394042969e-01
6.414266824722290039e-01
6.512375473976135254e-01
6.592810750007629395e-01
6.669039130210876465e-01
6.767793893814086914e-01
6.855254769325256348e-01
6.911885142326354980e-01
6.970464587211608887e-01
7.067008614540100098e-01
7.220109105110168457e-01
7.347689867019653320e-01
7.433363795280456543e-01
7.571549415588378906e-01
7.726857066154479980e-01
7.862550616264343262e-01
7.982627749443054199e-01
8.048573136329650879e-01
8.195849061012268066e-01
8.288432955741882324e-01
8.455777168273925781e-01
8.513835668563842773e-01
8.610115051269531250e-01
8.835564255714416504e-01
8.839729428291320801e-01
9.035957455635070801e-01
9.104207158088684082e-01
9.230688810348510742e-01
9.388821721076965332e-01
9.446593523025512695e-01
9.655799269676208496e-01
9.778770208358764648e-01
9.873381853103637695e-01
1.000000000000000000e+00
9.997372627258300781e-01
1.014693021774291992e+00
1.018831849098205566e+00
1.044860482215881348e+00
1.055738210678100586e+00
1.059199213981628418e+00
1.076202750205993652e+00
1.093301534652709961e+00
1.125572919845581055e+00
1.147402524948120117e+00
1.154675722122192383e+00
1.178752899169921875e+00
1.198287367820739746e+00
1.203192710876464844e+00
1.220094203948974609e+00
1.256693363189697266e+00
1.265749573707580566e+00
1.269393205642700195e+00
1.296144723892211914e+00
1.317061781883239746e+00
1.329405546188354492e+00
1.352836012840270996e+00
1.372905254364013672e+00
1.396946430206298828e+00
1.429207801818847656e+00
1.440731287002563477e+00
1.437693595886230469e+00
1.479584813117980957e+00
1.476441025733947754e+00
1.512650370597839355e+00
1.495040297508239746e+00
1.505024671554565430e+00
1.548887372016906738e+00
1.564589977264404297e+00
1.620084762573242188e+00
1.606347203254699707e+00
1.636049389839172363e+00
1.677687764167785645e+00
1.690253615379333496e+00
1.704305171966552734e+00
1.746605396270751953e+00
1.744305491447448730e+00
1.773579120635986328e+00
1.859806895256042480e+00
1.853061795234680176e+00
1.882676959037780762e+00
1.949415922164916992e+00
1.910310387611389160e+00
1.985395193099975586e+00
1.986725449562072754e+00
2.033949851989746094e+00
2.086974859237670898e+00
2.109829425811767578e+00
2.126233100891113281e+00
2.187035799026489258e+00
2.198721647262573242e+00
2.232632160186767578e+00
2.269226312637329102e+00
2.296043395996093750e+00
2.357095718383789062e+00
2.353080749511718750e+00
2.425346374511718750e+00
2.440100908279418945e+00
2.499619245529174805e+00
2.516341447830200195e+00
2.576493740081787109e+00
2.584208250045776367e+00
2.623115062713623047e+00
2.632202386856079102e+00
2.710312604904174805e+00
2.765635013580322266e+00
2.775856256484985352e+00
2.766646385192871094e+00
2.856168031692504883e+00
2.861878871917724609e+00
2.865158796310424805e+00
2.926354646682739258e+00
3.023702621459960938e+00
2.983346939086914062e+00
3.050339937210083008e+00
3.056090593338012695e+00
3.147316455841064453e+00
3.170635461807250977e+00
3.173114538192749023e+00
3.261954307556152344e+00
3.272876739501953125e+00
3.346532344818115234e+00
3.435075044631958008e+00
3.444620370864868164e+00
3.549684286117553711e+00
3.589216470718383789e+00
3.658871650695800781e+00
3.760031700134277344e+00
3.740749120712280273e+00
3.844854116439819336e+00
3.943066358566284180e+00
4.007018089294433594e+00
4.099098205566406250e+00
4.146698951721191406e+00
4.321434020996093750e+00
4.255273818969726562e+00
4.434898853302001953e+00
4.472274303436279297e+00
4.651237964630126953e+00
4.724987983703613281e+00
4.812235832214355469e+00
4.866212844848632812e+00
5.084153652191162109e+00
5.047643661499023438e+00
5.315091133117675781e+00
5.398288249969482422e+00
5.522800922393798828e+00
5.772740840911865234e+00
6.055968284606933594e+00
6.355835437774658203e+00
6.699480056762695312e+00
7.006954193115234375e+00
7.514897346496582031e+00
7.828242301940917969e+00
8.756412506103515625e+00
9.559152603149414062e+00
1.005181789398193359e+01
1.090696811676025391e+01
1.183547592163085938e+01
1.495509433746337891e+01
1.619339179992675781e+01
8.276526641845703125e+01
