1.378228073008358479e-03
8.525928482413291931e-03
1.389103382825851440e-02
1.899612136185169220e-02
2.332294173538684845e-02
2.812428027391433716e-02
3.305384516716003418e-02
3.764881566166877747e-02
4.230730980634689331e-02
4.696449264883995056e-02
5.181841552257537842e-02
5.688556656241416931e-02
6.171015650033950806e-02
6.670676171779632568e-02
7.180275768041610718e-02
7.672692090272903442e-02
8.176143467426300049e-02
8.656900376081466675e-02
9.152437746524810791e-02
9.652383625507354736e-02
1.015110760927200317e-01
1.066796928644180298e-01
1.118690893054008484e-01
1.171340197324752808e-01
1.223512217402458191e-01
1.277469247579574585e-01
1.329879611730575562e-01
1.379788517951965332e-01
1.430907100439071655e-01
1.481524407863616943e-01
1.533434987068176270e-01
1.584228426218032837e-01
1.637509763240814209e-01
1.693136990070343018e-01
1.751757711172103882e-01
1.808521151542663574e-01
1.863393783569335938e-01
1.918432712554931641e-01
1.975166946649551392e-01
2.030778229236602783e-01
2.085556089878082275e-01
2.138852477073669434e-01
2.192727625370025635e-01
2.251350581645965576e-01
2.305496037006378174e-01
2.360171228647232056e-01
2.417680919170379639e-01
2.477739304304122925e-01
2.534188628196716309e-01
2.599700689315795898e-01
2.654872536659240723e-01
2.718999981880187988e-01
2.781057953834533691e-01
2.844611108303070068e-01
2.908308804035186768e-01
2.975932359695434570e-01
3.039699494838714600e-01
3.108521699905395508e-01
3.178154528141021729e-01
3.252510726451873779e-01
3.306598663330078125e-01
3.372418582439422607e-01
3.434656858444213867e-01
3.507853448390960693e-01
3.576050698757171631e-01
3.644234240055084229e-01
3.721249997615814209e-01
3.804235458374023438e-01
3.890934884548187256e-01
3.961760103702545166e-01
4.049678742885589600e-01
4.146809875965118408e-01
4.224730134010314941e-01
4.312964379787445068e-01
4.396682381629943848e-01
4.470869898796081543e-01
4.553983509540557861e-01
4.617921411991119385e-01
4.693189561367034912e-01
4.774905145168304443e-01
4.850990176200866699e-01
4.934106171131134033e-01
5.011145472526550293e-01
5.093384981155395508e-01
5.166844725608825684e-01
5.252874493598937988e-01
5.337554216384887695e-01
5.441385507583618164e-01
5.520508289337158203e-01
5.620731711387634277e-01
5.706430673599243164e-01
5.814769864082336426e-01
5.923001170158386230e-01
6.007739305496215820e-01
6.096189618110656738e-01
6.189254522323608398e-01
6.290100812911987305e-01
6.389957666397094727e-01
6.493452191352844238e-01
6.594932675361633301e-01
6.668950319290161133e-01
6.770251393318176270e-01
6.902400255203247070e-01
6.998407244682312012e-01
7.107990980148315430e-01
7.165161967277526855e-01
7.266317009925842285e-01
7.344179153442382812e-01
7.446624040603637695e-01
7.526367306709289551e-01
7.616139054298400879e-01
7.719796299934387207e-01
7.822329998016357422e-01
7.940623164176940918e-01
8.037921190261840820e-01
8.143628835678100586e-01
8.263249397277832031e-01
8.434009552001953125e-01
8.580589294433593750e-01
8.665943145751953125e-01
8.841357827186584473e-01
8.976706266403198242e-01
9.176279306411743164e-01
9.246716499328613281e-01
9.379122257232666016e-01
9.562954902648925781e-01
9.702576398849487305e-01
9.792828559875488281e-01
1.000000000000000000e+00
1.010614037513732910e+00
1.027791261672973633e+00
1.035172104835510254e+00
1.051572442054748535e+00
1.065866470336914062e+00
1.076328516006469727e+00
1.093291640281677246e+00
1.105164647102355957e+00
1.121981263160705566e+00
1.134522438049316406e+00
1.151838660240173340e+00
1.164788126945495605e+00
1.182420372962951660e+00
1.198887228965759277e+00
1.217096567153930664e+00
1.237210988998413086e+00
1.244400858879089355e+00
1.258776426315307617e+00
1.280652403831481934e+00
1.299371480941772461e+00
1.316247940063476562e+00
1.336498618125915527e+00
1.351843714714050293e+00
1.377828717231750488e+00
1.405578732490539551e+00
1.413791775703430176e+00
1.429853439331054688e+00
1.449236273765563965e+00
1.472701549530029297e+00
1.488534092903137207e+00
1.512295961380004883e+00
1.531535148620605469e+00
1.549363255500793457e+00
1.573565244674682617e+00
1.601597428321838379e+00
1.611528158187866211e+00
1.640216231346130371e+00
1.673527121543884277e+00
1.702612996101379395e+00
1.726052045822143555e+00
1.747047066688537598e+00
1.771381258964538574e+00
1.795651793479919434e+00
1.831581592559814453e+00
1.864115834236145020e+00
1.897435545921325684e+00
1.937104582786560059e+00
1.959879636764526367e+00
1.987927794456481934e+00
2.014860868453979492e+00
2.040337800979614258e+00
2.086326599121093750e+00
2.109993219375610352e+00
2.166336059570312500e+00
2.197123289108276367e+00
2.257349967956542969e+00
2.277852773666381836e+00
2.299460411071777344e+00
2.331087350845336914e+00
2.365096569061279297e+00
2.414102792739868164e+00
2.445202589035034180e+00
2.469916820526123047e+00
2.524154424667358398e+00
2.562688350677490234e+00
2.606361627578735352e+00
2.640818834304809570e+00
2.687315940856933594e+00
2.722209453582763672e+00
2.779139995574951172e+00
2.848109483718872070e+00
2.886546850204467773e+00
2.955656290054321289e+00
2.992481946945190430e+00
3.043907880783081055e+00
3.076201200485229492e+00
3.158589124679565430e+00
3.195185899734497070e+00
3.272282123565673828e+00
3.279430627822875977e+00
3.334918260574340820e+00
3.422346353530883789e+00
3.509929656982421875e+00
3.560732603073120117e+00
3.615987539291381836e+00
3.656197309494018555e+00
3.735534191131591797e+00
3.792320251464843750e+00
3.885833978652954102e+00
3.953053712844848633e+00
4.021655082702636719e+00
4.104694843292236328e+00
4.187457561492919922e+00
4.253160476684570312e+00
4.342452526092529297e+00
4.411136627197265625e+00
4.503647327423095703e+00
4.614253997802734375e+00
4.731238365173339844e+00
4.809856891632080078e+00
4.931871891021728516e+00
5.005200386047363281e+00
5.123332500457763672e+00
5.187576770782470703e+00
5.328168869018554688e+00
5.422988414764404297e+00
5.592086791992187500e+00
5.693253993988037109e+00
5.859670639038085938e+00
6.024320125579833984e+00
6.157205581665039062e+00
6.302379608154296875e+00
6.532873630523681641e+00
6.582889556884765625e+00
6.830999851226806641e+00
7.036204338073730469e+00
7.263664722442626953e+00
7.443482398986816406e+00
7.643931388854980469e+00
7.908716678619384766e+00
8.237249374389648438e+00
8.820448875427246094e+00
9.281465530395507812e+00
9.795298576354980469e+00
1.148711681365966797e+01
1.673701667785644531e+01
7.738164520263671875e+01
