1.831827568821609020e-03
1.150396931916475296e-02
1.725303567945957184e-02
2.234632335603237152e-02
2.800361812114715576e-02
3.440267220139503479e-02
3.994122147560119629e-02
4.449822008609771729e-02
4.900813102722167969e-02
5.321665480732917786e-02
5.710346996784210205e-02
6.118426099419593811e-02
6.528506428003311157e-02
6.965268403291702271e-02
7.428178191184997559e-02
7.836966961622238159e-02
8.275208622217178345e-02
8.758977800607681274e-02
9.278097003698348999e-02
9.775353223085403442e-02
1.027809754014015198e-01
1.079728230834007263e-01
1.130908355116844177e-01
1.181566864252090454e-01
1.230787336826324463e-01
1.283430457115173340e-01
1.334881782531738281e-01
1.386132985353469849e-01
1.443681716918945312e-01
1.496927142143249512e-01
1.552775502204895020e-01
1.600456386804580688e-01
1.656156480312347412e-01
1.714559495449066162e-01
1.771034151315689087e-01
1.828425377607345581e-01
1.883598715066909790e-01
1.935759782791137695e-01
1.991449147462844849e-01
2.048875689506530762e-01
2.108544707298278809e-01
2.164525836706161499e-01
2.223974764347076416e-01
2.289101779460906982e-01
2.352783828973770142e-01
2.421647906303405762e-01
2.481816709041595459e-01
2.541789710521697998e-01
2.611794471740722656e-01
2.677903473377227783e-01
2.738542854785919189e-01
2.805622518062591553e-01
2.858472764492034912e-01
2.917713522911071777e-01
2.982987463474273682e-01
3.052680790424346924e-01
3.117949068546295166e-01
3.185316622257232666e-01
3.249774277210235596e-01
3.312824964523315430e-01
3.388695120811462402e-01
3.463227748870849609e-01
3.529542982578277588e-01
3.602959215641021729e-01
3.674166500568389893e-01
3.746905326843261719e-01
3.828444778919219971e-01
3.906630277633666992e-01
3.994399607181549072e-01
4.070977866649627686e-01
4.150159955024719238e-01
4.229052066802978516e-01
4.311714470386505127e-01
4.399285018444061279e-01
4.469388723373413086e-01
4.560909271240234375e-01
4.628405869007110596e-01
4.721960425376892090e-01
4.793213605880737305e-01
4.877349138259887695e-01
4.963381588459014893e-01
5.057648420333862305e-01
5.134093165397644043e-01
5.216718316078186035e-01
5.317999720573425293e-01
5.391752123832702637e-01
5.493441224098205566e-01
5.579213500022888184e-01
5.673505663871765137e-01
5.780520439147949219e-01
5.833036303520202637e-01
5.951822400093078613e-01
6.033501029014587402e-01
6.131221055984497070e-01
6.236625909805297852e-01
6.314237713813781738e-01
6.406741738319396973e-01
6.495919823646545410e-01
6.589723229408264160e-01
6.694890260696411133e-01
6.784504652023315430e-01
6.893264651298522949e-01
7.007097601890563965e-01
7.101788520812988281e-01
7.194619178771972656e-01
7.300127744674682617e-01
7.396548986434936523e-01
7.505248188972473145e-01
7.600170969963073730e-01
7.708816528320312500e-01
7.830358743667602539e-01
7.930002808570861816e-01
8.045772314071655273e-01
8.170152306556701660e-01
8.246487379074096680e-01
8.372391462326049805e-01
8.511322140693664551e-01
8.611444830894470215e-01
8.752214908599853516e-01
8.874679803848266602e-01
8.979005217552185059e-01
9.103697538375854492e-01
9.217932224273681641e-01
9.322411417961120605e-01
9.472129940986633301e-01
9.599721431732177734e-01
9.719637632369995117e-01
9.875615239143371582e-01
1.000000000000000000e+00
1.011214494705200195e+00
1.028414726257324219e+00
1.047001600265502930e+00
1.056303143501281738e+00
1.065120816230773926e+00
1.089183449745178223e+00
1.093607306480407715e+00
1.112722039222717285e+00
1.134159326553344727e+00
1.156438946723937988e+00
1.162502050399780273e+00
1.181941866874694824e+00
1.202874302864074707e+00
1.217353701591491699e+00
1.231704473495483398e+00
1.260769009590148926e+00
1.279433369636535645e+00
1.293194055557250977e+00
1.311445355415344238e+00
1.328587532043457031e+00
1.354503035545349121e+00
1.368316411972045898e+00
1.385697007179260254e+00
1.395069360733032227e+00
1.420472145080566406e+00
1.440894484519958496e+00
1.462974786758422852e+00
1.472816348075866699e+00
1.494712948799133301e+00
1.509187817573547363e+00
1.526404857635498047e+00
1.554295778274536133e+00
1.577617883682250977e+00
1.589455246925354004e+00
1.624531865119934082e+00
1.634897708892822266e+00
1.676813483238220215e+00
1.691223621368408203e+00
1.732723474502563477e+00
1.752435684204101562e+00
1.775338172912597656e+00
1.803163647651672363e+00
1.828354239463806152e+00
1.853572130203247070e+00
1.893771409988403320e+00
1.914347887039184570e+00
1.942927718162536621e+00
1.963556766510009766e+00
2.000675678253173828e+00
2.027707099914550781e+00
2.057744264602661133e+00
2.088975191116333008e+00
2.141177415847778320e+00
2.174160957336425781e+00
2.204417943954467773e+00
2.250523567199707031e+00
2.264065980911254883e+00
2.297787427902221680e+00
2.337020635604858398e+00
2.376209497451782227e+00
2.410067796707153320e+00
2.436394453048706055e+00
2.472504854202270508e+00
2.509430408477783203e+00
2.558971405029296875e+00
2.581134557723999023e+00
2.635327577590942383e+00
2.682036876678466797e+00
2.736298084259033203e+00
2.784837245941162109e+00
2.809924840927124023e+00
2.861479759216308594e+00
2.908597707748413086e+00
2.967464685440063477e+00
3.005779266357421875e+00
3.076097249984741211e+00
3.106623172760009766e+00
3.168300628662109375e+00
3.220124006271362305e+00
3.273240327835083008e+00
3.320507049560546875e+00
3.415288925170898438e+00
3.448400735855102539e+00
3.511800765991210938e+00
3.572450399398803711e+00
3.638165473937988281e+00
3.707984447479248047e+00
3.804722785949707031e+00
3.864759445190429688e+00
3.946455955505371094e+00
4.015973091125488281e+00
4.107130050659179688e+00
4.176248073577880859e+00
4.218897342681884766e+00
4.317700386047363281e+00
4.390678882598876953e+00
4.509749412536621094e+00
4.587190151214599609e+00
4.707747936248779297e+00
4.807740688323974609e+00
4.876176357269287109e+00
5.007623672485351562e+00
5.160150527954101562e+00
5.247793197631835938e+00
5.379709243774414062e+00
5.432169437408447266e+00
5.614923477172851562e+00
5.769164085388183594e+00
5.997543334960937500e+00
6.105175018310546875e+00
6.303459167480468750e+00
6.477664470672607422e+00
6.816814899444580078e+00
6.994040489196777344e+00
7.119110584259033203e+00
7.369772911071777344e+00
7.643277168273925781e+00
7.974514484405517578e+00
8.550048828125000000e+00
8.847176551818847656e+00
9.065423965454101562e+00
9.668799400329589844e+00
1.068956565856933594e+01
1.155511379241943359e+01
1.247102451324462891e+01
1.516645812988281250e+01
6.603678131103515625e+01
